% HyungSeok Yoon
% A_B constants look up
% From ANNEX_C.DOC pg 10

function [out_Table] = A_B_lookup_table()
out_Table = [3	0.750000000	-0.250000000	
7	0.875000000	-0.125000000	
15	0.937500000	-0.062500000	
31	0.968750000	-0.031250000	
63	0.984375000	-0.015625000	
127	0.992187500	-0.007812500	
255	0.996093750	-0.003906250	
511	0.998046875	-0.001953125	
1023	0.999023438	-0.000976563	
2047	0.999511719	-0.000488281	
4095	0.999755859	-0.000244141	
8191	0.999877930	-0.000122070	
16383	0.999938965	-0.000061035	
32767	0.999969482	-0.000030518	];
out_Table = [0,0,0;out_Table]; % add in 0s so that it is easier for me
end