% HyungSeok Yoon
% ANNEX_AB pg 6-7
% straight from the standard
function [scale_table] = scale_table_const()
T = [0	2.00000000000000	32	0.00123039165029	...
1	1.58740105196820	33	0.00097656250000	...
2	1.25992104989487	34	0.00077509816991	...
3	1.00000000000000	35	0.00061519582514	...
4	0.79370052598410	36	0.00048828125000	...
5	0.62996052494744	37	0.00038754908495	...
6	0.50000000000000	38	0.00030759791257	...
7	0.39685026299205	39	0.00024414062500	...
8	0.31498026247372	40	0.00019377454248	...
9	0.25000000000000	41	0.00015379895629	...
10	0.19842513149602	42	0.00012207031250	...
11	0.15749013123686	43	0.00009688727124	...
12	0.12500000000000	44	0.00007689947814	...
13	0.09921256574801	45	0.00006103515625	...
14	0.07874506561843	46	0.00004844363562	...
15	0.06250000000000	47	0.00003844973907	...
16	0.04960628287401	48	0.00003051757813	...
17	0.03937253280921	49	0.00002422181781	...
18	0.03125000000000	50	0.00001922486954	...
19	0.02480314143700	51	0.00001525878906	...
20	0.01968626640461	52	0.00001211090890	...
21	0.01562500000000	53	0.00000961243477	...
22	0.01240157071850	54	0.00000762939453	...
23	0.00984313320230	55	0.00000605545445	...
24	0.00781250000000	56	0.00000480621738	...
25	0.00620078535925	57	0.00000381469727	...
26	0.00492156660115	58	0.00000302772723	...
27	0.00390625000000	59	0.00000240310869	...
28	0.00310039267963	60	0.00000190734863	...
29	0.00246078330058	61	0.00000151386361	...
30	0.00195312500000	62	0.00000120155435	...
31	0.00155019633981]			;
%0~31
T2 = [T(2:4:end), T(4:4:end)];

scale_table = T2';

end