% HyungSeok Yoon
% ANNEX_C.DOC pg 9
function [out_Table] = SNR_table()
out_Table = [0	0.00	
3	7.00	
7	16.00	
15	25.28	
31	31.59	
63	37.75	
127	43.84	
255	49.89	
511	55.93	
1023	61.96	
2047	67.98	
4095	74.01	
8191	80.03	
16383	86.05	
32767	92.01	
];

end